50003462	6
50005919	6
50001290	6
50010356	6
50020848	6
50021926	6
50021927	6
50021925	6
50020856	6
50021949	6
50021953	6
50021954	6
50021948	6
50021951	6
50021957	6
50021956	6
50021952	6
50021955	6
50021950	6
50023380	6
50023383	6
50022568	6
50020838	6
50021901	6
50021899	6
50021898	6
50021897	6
50021900	6
50022572	6
50020854	6
50021902	6
50020834	6
50020895	6
50020897	6
50020896	6
50020893	6
50020894	6
50020842	6
50020851	6
50022436	6
50022439	6
50022435	6
50022438	6
50022434	6
50022437	6
50020850	6
50021932	6
50021933	6
50020836	6
50020900	6
50021889	6
50021888	6
50020904	6
50021890	6
50020902	6
50020903	6
50020905	6
50023266	6
50020835	6
50020846	6
50020840	6
50003454	6
50003338	6
50011415	6
50011416	6
50011738	6
50013325	6
50021915	6
50020855	6
50021907	6
50020849	6
50020843	6
50022440	6
50022446	6
50022698	6
50022443	6
50022447	6
50022445	6
50022696	6
50022444	6
50022449	6
50022442	6
50022441	6
50022448	6
50022695	6
50020839	6
50001289	6
50021903	6
50021904	6
50020841	6
50021924	6
50021923	6
50020845	6
50021905	6
50000561	6
50002045	6
50024938	6
50020901	6
50021882	6
50021884	6
50021885	6
50021878	6
50021883	6
50021879	6
50021881	6
50021880	6
50021928	6
50021929	6
50021931	6
50021930	6
50024939	6
50026409	6
2902	3
50021048	3
50022569	3
50021051	3
50021052	3
50021049	3
50021050	3
50025613	3
50025604	3
50025606	3
50025607	3
50025605	3
50025594	3
50025595	3
50025596	3
50025611	3
50025610	3
50021047	3
50021046	3
50022011	3
50022008	3
50022012	3
50022006	3
50022010	3
50022009	3
50022013	3
50022007	3
50022014	3
50021045	3
50021973	3
50022133	3
50022131	3
50022132	3
50022130	3
50021988	3
50022175	3
50022173	3
50022174	3
50022004	3
50022221	3
50022219	3
50022220	3
50022218	3
50021971	3
50022126	3
50022128	3
50022127	3
50022125	3
50021962	3
50022096	3
50022095	3
50022097	3
50022099	3
50022098	3
50022100	3
50021917	3
50022038	3
50022039	3
50022035	3
50022034	3
50022037	3
50022655	3
50022041	3
50022036	3
50022040	3
50021921	3
50022053	3
50022056	3
50022055	3
50022057	3
50022054	3
50021982	3
50022159	3
50021997	3
50022200	3
50022202	3
50022201	3
50022002	3
50022215	3
50022213	3
50022214	3
50021918	3
50022042	3
50022043	3
50022044	3
50022656	3
50021959	3
50022076	3
50022077	3
50022078	3
50022073	3
50022074	3
50022072	3
50022075	3
50021991	3
50022184	3
50022183	3
50021992	3
50022185	3
50022186	3
50022187	3
50021994	3
50022192	3
50021960	3
50022084	3
50022082	3
50022085	3
50022083	3
50022087	3
50022086	3
50022080	3
50022079	3
50022081	3
50021984	3
50022163	3
50022164	3
50022165	3
50022162	3
50021963	3
50022101	3
50022102	3
50022705	3
50021985	3
50022168	3
50022166	3
50022167	3
50021965	3
50022107	3
50022108	3
50022110	3
50022111	3
50022109	3
50021920	3
50022658	3
50022049	3
50022050	3
50022048	3
50021958	3
50022064	3
50022069	3
50022065	3
50022067	3
50022068	3
50022071	3
50022660	3
50022066	3
50022070	3
50021972	3
50022129	3
50022000	3
50022208	3
50022207	3
50021987	3
50021993	3
50022189	3
50022188	3
50022191	3
50022190	3
50021975	3
50022138	3
50022139	3
50021919	3
50022046	3
50022657	3
50022047	3
50022045	3
50022003	3
50022216	3
50022217	3
50021983	3
50022161	3
50022160	3
50021976	3
50022141	3
50022142	3
50022140	3
50021986	3
50022171	3
50022169	3
50022170	3
50022172	3
50021999	3
50022205	3
50022206	3
50021970	3
50022124	3
50022001	3
50022209	3
50022211	3
50022210	3
50022212	3
50021967	3
50022115	3
50022116	3
50021969	3
50022122	3
50022123	3
50022121	3
50022005	3
50022223	3
50022222	3
50021964	3
50022104	3
50022106	3
50022105	3
50022103	3
50021989	3
50022176	3
50022177	3
50022178	3
50021990	3
50022182	3
50022180	3
50022181	3
50022179	3
50021980	3
50022151	3
50022152	3
50022153	3
50022154	3
50022148	3
50022149	3
50022150	3
50021995	3
50022196	3
50022193	3
50022195	3
50022194	3
50022197	3
50021998	3
50022204	3
50022203	3
50021966	3
50022112	3
50022114	3
50022113	3
50021922	3
50022059	3
50022061	3
50022062	3
50022058	3
50022063	3
50022659	3
50022060	3
50021961	3
50022090	3
50022091	3
50022089	3
50022088	3
50022092	3
50021968	3
50022119	3
50022117	3
50022118	3
50022120	3
50021977	3
50022145	3
50022143	3
50022144	3
50021979	3
50022147	3
50021974	3
50022136	3
50022135	3
50022137	3
50022134	3
50021978	3
50022146	3
50021981	3
50022157	3
50022156	3
50022155	3
50022158	3
50021996	3
50022198	3
50022199	3
50025777	3
50025555	3
50025542	3
50025572	3
50025571	3
50025573	3
50025547	3
50025772	3
50025773	3
50025774	3
50025775	3
50025548	3
50025756	3
50025758	3
50025584	3
50025762	3
50025759	3
50025761	3
50025760	3
50025757	3
50025764	3
50025765	3
50025766	3
50025557	3
50025559	3
50025562	3
50025558	3
50025560	3
50025563	3
50025561	3
50025545	3
50025776	3
50025752	3
50025755	3
50025754	3
50025753	3
50025546	3
50025738	3
50025769	3
50025768	3
50025770	3
50025771	3
50025767	3
50025549	3
50025720	3
50025719	3
50025543	3
50025749	3
50025750	3
50025541	3
50025741	3
50025567	3
50025742	3
50025564	3
50025568	3
50025740	3
50025743	3
50025745	3
50025748	3
50025746	3
50025744	3
50025747	3
50025566	3
50025570	3
50025569	3
50025739	3
50005867	1
50000436	1
3035	1
50000557	1
50001748	1
50011153	1
50010160	1
50011123	1
50011127	1
50011129	1
50011130	1
50011159	1
50011165	1
50011167	1
50011161	1
50010159	1
50010167	1
50010402	1
50010158	1
50025884	1
50025883	1
50025885	1
50001705	6
211507	6
50001407	6
50001405	6
50008399	6
50015740	6
50015733	6
50015885	6
50001715	6
50015887	6
50015642	6
50015658	6
50015665	6
50015664	6
50015659	6
50015660	6
50015657	6
50015668	6
50015666	6
50015670	6
50015667	6
50015663	6
50015662	6
50015669	6
50015661	6
50015744	6
50015746	6
50015739	6
50015734	6
50020645	6
50022455	6
50022489	6
211509	6
50001382	6
50008276	6
50006281	6
50006282	6
50006299	6
50006316	6
50011364	6
50010339	6
50010342	6
50010340	6
50011360	6
50011361	6
50011363	6
50006283	6
50006330	6
50006331	6
50006318	6
50006319	6
50006320	6
50006321	6
50006322	6
50006323	6
50006324	6
50006325	6
50006326	6
50006332	6
50006333	6
50006327	6
50006328	6
50006329	6
50006334	6
50006284	6
50006349	6
50006350	6
50006343	6
50006346	6
50006347	6
50006344	6
50006348	6
50006351	6
50006354	6
50006355	6
50006335	6
50006336	6
50006337	6
50006338	6
50006339	6
50006340	6
50006341	6
50006342	6
50006345	6
50006352	6
50006353	6
50006285	6
50006357	6
50006356	6
50006287	6
50006377	6
50006378	6
50006367	6
50006379	6
50006375	6
50006376	6
50006368	6
50006288	6
50006381	6
50006382	6
50006383	6
50006384	6
50006385	6
50006386	6
50006387	6
50006390	6
50006392	6
50006388	6
50006389	6
50006396	6
50006296	6
50006469	6
50006470	6
50006471	6
50006473	6
50006474	6
50010354	6
50010353	6
50006456	6
50006457	6
50006458	6
50006459	6
50006460	6
50006462	6
50006463	6
50006464	6
50006465	6
50006466	6
50006467	6
50006468	6
50010352	6
50006297	6
50006363	6
50006365	6
50006455	6
50006290	6
50006400	6
50006401	6
50006402	6
50006403	6
50006409	6
50006404	6
50006405	6
50006406	6
50006407	6
50006408	6
50006291	6
50006421	6
50006422	6
50006412	6
50006413	6
50006415	6
50006416	6
50006417	6
50006419	6
50006420	6
50006423	6
50006424	6
50006425	6
50006286	6
50006373	6
50006398	6
50006399	6
50006369	6
50006370	6
50006371	6
50006372	6
50010349	6
50010348	6
50006451	6
50006293	6
50006442	6
50006443	6
50006444	6
50006445	6
50006446	6
50006447	6
50006448	6
50006428	6
50006429	6
50006430	6
50006431	6
50006432	6
50006433	6
50006434	6
50006435	6
50006436	6
50006437	6
50006438	6
50006439	6
50006440	6
50006441	6
50006294	6
50006450	6
50006452	6
50006453	6
50006454	6
50010351	6
50010350	6
50006295	6
50006477	6
50011553	6
50010345	6
50011372	6
50011371	6
50011552	6
50011554	6
50006298	6
50011441	6
50011446	6
50011447	6
50011449	6
50011448	6
50011500	6
50011502	6
50011504	6
50011501	6
50011503	6
50011505	6
50011506	6
50011507	6
50011508	6
50011509	6
50011510	6
50011511	6
50008442	6
50008443	6
50008448	6
50006414	6
50008446	6
50008444	6
50008447	6
50008445	6
50011445	6
50011551	6
50010346	6
50006380	6
50006397	6
50006395	6
50010318	6
50006308	6
50011367	6
50011365	6
50011366	6
50011368	6
50011369	6
50011370	6
50008439	6
50006366	6
50006475	6
50006418	6
50006449	6
50006427	6
50008441	6
50011359	6
50006313	6
50006314	6
50006315	6
50006317	6
50006359	6
50006360	6
50006361	6
50006362	6
50006364	6
50006300	6
50006301	6
50006302	6
50006303	6
50006304	6
50006305	6
50006306	6
50006307	6
50006309	6
50006310	6
50006311	6
50006476	6
50010321	6
50010338	6
50006358	6
50010322	6
50011438	6
50011442	6
50011439	6
50011440	6
50011443	6
50011477	6
50011478	6
50011480	6
50011479	6
50011481	6
50011482	6
50011483	6
50011484	6
50011485	6
50011487	6
50011490	6
50011488	6
50011491	6
50011496	6
50011493	6
50011494	6
50011489	6
50011492	6
50011495	6
50011497	6
50011498	6
50011499	6
50011512	6
50011519	6
50011520	6
50011444	6
50011450	6
50011513	6
50011514	6
50011515	6
50011516	6
50011517	6
50011518	6
50011521	6
50011522	6
50011524	6
50011525	6
50011527	6
50011528	6
50011526	6
50011523	6
50011529	6
50011537	6
50011538	6
50011530	6
50011531	6
50011532	6
50011533	6
50011534	6
50011535	6
50011536	6
50011539	6
50011540	6
50011542	6
50011541	6
50011543	6
50011544	6
50011545	6
50011546	6
50011548	6
50011547	6
50011549	6
50011550	6
50008280	6
211502	6
50001415	6
50001385	6
50015639	6
50015648	6
50015649	6
50015650	6
50015821	6
50015822	6
50015834	6
50022491	6
50022492	6
50001732	6
50003823	6
50001403	6
50010098	6
50015568	6
50015671	6
50015571	6
50015575	6
50015576	6
50015570	6
50015577	6
50015572	6
50015573	6
50015574	6
50015771	6
50001733	6
50015774	6
50005519	6
50015785	6
50015783	6
50015784	6
50015786	6
50015778	6
50015812	6
50015813	6
50015811	6
50015777	6
50001731	6
50015810	6
50015809	6
50015779	6
50015776	6
50005522	6
50008287	6
50015804	6
50015800	6
50015803	6
50015806	6
50015801	6
50015805	6
50015798	6
50015802	6
50015799	6
50015775	6
50001734	6
50015793	6
50015789	6
50015795	6
50015790	6
50015791	6
50015794	6
50015796	6
50015792	6
50015788	6
50022733	6
50015915	6
50015919	6
50015916	6
50015918	6
50015917	6
50022485	6
50015230	6
50015249	6
50015239	6
50015241	6
50015240	6
50015231	6
50015233	6
50015234	6
50015248	6
50015243	6
50015246	6
50015244	6
50015245	6
50015242	6
50015232	6
50005526	6
50015236	6
50015237	6
50015238	6
50015235	6
50015455	6
50015638	6
50015643	6
50015647	6
50015646	6
50015644	6
50015462	6
50001727	6
50015836	6
50015948	6
50015494	6
50015496	6
50018250	6
50015502	6
50015498	6
50015495	6
50003711	6
50015461	6
50001400	6
50015490	6
50015946	6
50015491	6
50015482	6
50015835	6
50015485	6
50015488	6
50015489	6
50015483	6
50015484	6
50015487	6
50022470	6
50015566	6
50015673	6
50015679	6
50015675	6
50015674	6
50015680	6
50015678	6
50015676	6
50015672	6
50015677	6
50015200	6
50015651	6
50015827	6
50015202	6
50015825	6
50022451	6
50019999	6
50020002	6
50020000	6
50020626	6
50019997	6
50022663	6
50022704	6
50020629	6
50015652	6
50015654	6
50015653	6
50022450	6
50020001	6
50022453	6
50020627	6
50019998	6
50015886	6
50001406	6
50015892	6
50015888	6
50015952	6
50022373	6
50022417	6
50022419	6
50022421	6
50022418	6
50022420	6
50020617	6
50020958	6
50020959	6
50020960	6
50020957	6
50022397	6
50020618	6
50015841	6
50020963	6
50020962	6
50020965	6
50020961	6
50022495	6
50020964	6
50021837	6
50022571	6
50020625	6
50021840	6
50020006	6
50015837	6
50015458	6
50015457	6
50020640	6
50020633	6
50020632	6
50020634	6
50020635	6
50020636	6
50020639	6
50020638	6
50020641	6
50003714	6
50015655	6
50015656	6
50022497	6
50020614	6
50020949	6
50020946	6
50020948	6
50020945	6
50020947	6
50020615	6
50020953	6
50020950	6
50020956	6
50020952	6
50020951	6
50024773	6
50008274	6
50001412	6
50005527	6
50001717	6
50008324	6
50010417	6
50015842	6
50015929	6
50015924	6
50015931	6
50015921	6
50015745	6
50015930	6
50015922	6
50022487	6
50022699	6
50006533	6
50015816	6
50015879	6
50015847	6
50015880	6
50015955	6
50001709	6
50012081	7
50023945	7
50010817	4
50010936	4
50010795	4
50010807	4
50010789	4
50010791	4
50010803	4
50010792	4
50010810	4
50010816	4
50011414	4
50010797	4
50010805	4
50010800	4
50010790	4
50010815	4
50010793	4
50010798	4
50010814	4
50010794	4
50010801	4
50010812	4
50010808	4
50010813	4
50013794	4
50010796	4
50019249	4
50019254	4
50019246	4
50019251	4
50019247	4
50011988	4
50011977	4
50011981	4
50011983	4
50011990	4
50011982	4
50011991	4
50011993	4
50011994	4
50011995	4
50011997	4
50011992	4
50011999	4
50012000	4
50012002	4
50012003	4
50012004	4
50012005	4
50012006	4
50012001	4
50011980	4
50011978	4
50011986	4
50011979	4
50011998	4
50011984	4
50011996	4
50011987	4
50022691	4
50022694	4
50022693	4
50022692	4
50024624	4
50023283	4
50023285	4
50023325	4
50023289	4
50023286	4
50023324	4
50023287	4
50023288	4
50023290	4
50023284	4
50023294	4
50023327	4
50023326	4
50023328	4
50023293	4
50023292	4
50003770	7
50001948	7
50004195	7
50003790	7
50004196	7
140114	7
140115	7
50003792	7
50003791	7
1402	7
50003773	7
140116	7
50003793	7
1403	7
50021422	7
50003848	7
50003850	7
110216	7
110202	7
110206	7
110207	7
110211	7
110212	7
110215	7
50003213	7
50002415	7
50003321	7
110520	7
50003849	7
50003333	7
50003329	7
50003325	7
50003328	7
50003336	7
110204	7
110510	7
50011377	7
50016444	7
50008209	7
50016573	7
50023706	7
50023708	7
50001810	7
50013014	7
50013151	7
110210	7
110205	7
50012307	7
110508	7
110511	7
50012320	7
50008759	7
110203	7
110201	7
110502	7
50019041	7
50010613	7
50010605	7
50018323	7
50008351	7
110308	7
110209	7
110805	7
110808	7
110809	7
50016214	7
50016195	7
50016201	7
50016202	7
50016200	7
50016197	7
50016198	7
50016199	7
50019358	7
50019357	7
50019353	7
50019360	7
50019359	7
50019354	7
50019355	7
50019356	7
50016203	7
50016447	7
50016209	7
50016446	7
50016204	7
50016208	7
50016210	7
50016448	7
50016206	7
50018265	7
50016207	7
50016189	7
50016191	7
50016194	7
50016192	7
50016193	7
50016190	7
50016213	7
50020262	7
50019510	7
50019514	7
50019515	7
50019512	7
50019511	7
50019513	7
50019318	7
50019325	7
50019319	7
50019323	7
50019327	7
50019332	7
50019336	7
50019334	7
50019328	7
50019320	7
50019333	7
50019339	7
50019322	7
50019329	7
50019330	7
50019338	7
50019331	7
50019337	7
50019340	7
50019326	7
50019324	7
50019321	7
50019368	7
50020174	7
50019341	7
50016220	7
50019352	7
50019345	7
50019347	7
50019349	7
50019344	7
50019348	7
50019346	7
50019351	7
50022650	7
50019309	7
50019310	7
50019313	7
50019312	7
50019361	7
50019364	7
50019362	7
50019363	7
50019365	7
50019812	7
50019814	7
50019815	7
50019813	7
50019494	7
50016205	7
50019498	7
50019497	7
50019496	7
50019495	7
50019499	7
50003312	7
50003311	7
50003289	7
50003789	7
50011095	7
50018906	7
50025381	7
50025380	7
111703	7
50005051	7
50005262	7
50005263	7
50005265	7
50005268	7
120802	7
50021704	7
50023278	7
50023280	7
50023279	7
50023277	7
50005050	7
50011826	7
50006510	7
50006511	7
50002920	7
50002924	7
50002925	7
50002926	7
350116	7
50011827	7
50011828	7
50018880	7
50018883	7
50018887	7
50018890	7
50018889	7
50018894	7
50018884	7
50018886	7
50018937	7
50018881	7
50018885	7
50018882	7
50018888	7
50009211	7
50018326	7
50018606	7
50018612	7
50018679	7
50018623	7
50018602	7
50019165	7
50018599	7
50018605	7
50018609	7
50018608	7
50018600	7
50018614	7
50018603	7
50019616	7
50018613	7
50018607	7
50018610	7
50018615	7
50018604	7
50018616	7
50018618	7
50018617	7
50018621	7
50018620	7
50018622	7
50018619	7
50018601	7
50025807	7
50023335	7
50025835	7
50008482	7
50020180	7
50020181	7
50020186	7
50020185	7
50020182	7
50020187	7
50020184	7
50020183	7
50018909	7
110219	7
50018919	7
50018915	7
50018925	7
50018930	7
50018922	7
50018924	7
50018935	7
50018910	7
50018921	7
50018923	7
50018914	7
50018917	7
50018934	7
50018928	7
50018912	7
50018913	7
50018936	7
50018929	7
50018920	7
50018927	7
50018931	7
50018918	7
50018932	7
50018916	7
50018926	7
50024094	7
50005266	7
50010614	7
50012579	7
50012584	7
50024110	7
50024095	7
50012580	7
50012585	7
50024111	7
50024147	7
50024096	7
50012581	7
50012586	7
50024112	7
50024097	7
50003481	7
50003477	7
50012846	7
50006253	7
50006254	7
50006255	7
50006256	7
50006257	7
50012847	7
140916	7
50025220	7
50024115	7
50003600	7
50003483	7
50006264	7
50003484	7
140915	7
141201	7
50006259	7
50006260	7
50006261	7
50006262	7
140908	7
50011767	7
50006263	7
50009079	7
50008648	7
50009798	7
50009183	7
50006827	7
50020219	7
50023761	7
50003482	7
140909	7
50003479	7
50024113	7
50024114	7
50024109	7
50003774	7
50005267	7
50005729	7
50006265	7
50005722	7
50003781	7
50003327	7
140912	7
50010608	7
50008682	7
50008681	7
50010367	7
50005718	7
1104	7
50008683	7
50025361	7
50025701	7
50024944	7
50023360	7
50024102	7
50024123	7
50025268	7
50024122	7
50024104	7
50012617	7
50022561	7
50024100	7
150704	7
50006247	7
1507	7
150708	7
150705	7
150706	7
150701	7
50005192	7
50005723	7
50010018	7
50003324	7
50001817	7
50006249	7
50006250	7
50006251	7
50006252	7
50003326	7
50012587	7
50012588	7
50012589	7
50010607	7
50024099	7
50002918	7
50002927	7
50006524	7
50006526	7
50006525	7
50006527	7
50015940	7
50018822	7
50018821	7
50018818	7
50018892	7
50002928	7
50018820	7
50018893	7
50018824	7
50018816	7
50018891	7
50018817	7
50018826	7
50023274	7
50023275	7
50008179	7
50003802	7
50008183	7
50009121	7
50010259	7
50008181	7
50008182	7
50008184	7
50016445	7
50024139	7
50018870	7
50018815	7
50018825	7
50018874	7
50018823	7
50018814	7
50018869	7
50002922	7
50006521	7
50006523	7
50006522	7
50015939	7
50018873	7
50018871	7
50018872	7
50023281	7
50024138	7
50024143	7
50024144	7
50024140	7
50024142	7
50024145	7
50024141	7
50024146	7
50024103	7
50024101	7
50005264	7
50008661	7
50012582	7
50012583	7
50025382	7
50023351	7
50024124	7
50024098	7
50024117	7
50024121	7
50024118	7
50024116	7
50024119	7
50024120	7
110507	7
50012165	7
50012166	7
50012167	7
50020196	7
111201	7
110501	7
211710	7
111409	7
50018945	7
50021168	7
50021170	7
50021172	7
50021174	7
50021173	7
50021175	7
50021176	7
50021177	7
50021169	7
50021171	7
50018948	7
111219	7
110514	7
50001718	7
50008352	7
50010847	7
50010849	7
50010848	7
50008353	7
50008354	7
50008355	7
50008356	7
50008358	7
50022574	7
50018938	7
50018939	7
50012600	7
50012601	7
50006267	7
50012637	7
50012622	7
50012624	7
50012625	7
50012626	7
50012627	7
50012632	7
50012633	7
50012634	7
50012635	7
50012638	7
50012639	7
50012641	7
50012643	7
50012644	7
50012628	7
50012623	7
50012640	7
50012642	7
50018855	7
50019241	7
50012630	7
50012631	7
50012629	7
50012636	7
50008551	7
150805	7
150802	7
50003366	7
150807	7
111202	7
150804	7
150809	7
50012605	7
50012615	7
50010687	7
50019471	7
50019464	7
50009078	7
50010757	7
111211	7
50008331	7
111217	7
50008869	7
50008350	7
50018858	7
50018850	7
50018853	7
50018845	7
50021132	7
50018947	7
50021292	7
50021288	7
50021289	7
50021293	7
50021290	7
50021291	7
50021294	7
50021133	7
50021245	7
50021247	7
50021244	7
50021243	7
50021254	7
50021251	7
50021249	7
50021250	7
50021252	7
50021248	7
50021263	7
50021255	7
50021259	7
50021262	7
50021258	7
50021253	7
50021256	7
50021257	7
50021261	7
50021246	7
50021260	7
140117	7
50019240	7
50019250	7
50012700	7
50012696	7
50012697	7
50012698	7
50012699	7
50012704	7
50012703	7
50021239	7
50021200	7
50021205	7
50021199	7
50021235	7
50021238	7
50021203	7
50021201	7
50021202	7
50021236	7
50021237	7
50021240	7
50021241	7
50021242	7
50019252	7
50021296	7
50021204	7
50021206	7
50024368	7
50024346	7
111220	7
111215	7
50012613	7
50010586	7
50012606	7
50024369	7
50008334	7
50008333	7
50012611	7
50021056	7
50018859	7
50021061	7
50021062	7
50021058	7
50018943	7
50021054	7
50018944	7
50021299	7
50021063	7
50021295	7
50021297	7
50021298	7
50021059	7
50012610	7
50024300	7
50008335	7
50008332	7
50012616	7
50019018	7
50019232	7
50019282	7
50024389	7
50012618	7
50012619	7
50012620	7
50014827	7
50024394	7
111214	7
50012608	7
50024248	7
111405	7
111407	7
111403	7
111404	7
50024258	7
50012603	7
50018849	7
111204	7
50024400	7
50012602	7
50012607	7
50012609	7
50012612	7
50012614	7
50012621	7
50012604	7
50024253	7
50007222	7
50018946	7
50018846	7
111406	7
50005752	7
50005753	7
50005754	7
50003934	7
50005755	7
50010956	7
50012734	7
50012723	7
50014808	7
50016061	7
50016239	7
50018243	7
50024646	7
50024647	7
50024649	7
50024648	7
50024650	7
50005757	7
211702	7
211703	7
50005117	7
50005759	7
50005119	7
50005122	7
50011905	7
50011937	7
50011403	7
211704	7
50012909	7
50024642	7
211707	7
50005756	7
50005758	7
50005113	7
50005090	7
50005123	7
50006839	7
50024652	7
50005747	7
50005749	7
50005748	7
50005750	7
50005751	7
50024643	7
50024644	7
50005730	7
50005118	7
50005734	7
50005735	7
50005731	7
50005736	7
211711	7
50005120	7
50005737	7
50005738	7
50005739	7
50005742	7
50011755	7
50005741	7
50005743	7
50012645	7
50001879	7
50004418	7
50005114	7
50005914	7
50005912	7
50012646	7
50012648	7
50012649	7
50012650	7
50012655	7
50012660	7
50012665	7
50012667	7
50012668	7
50012670	7
50012671	7
50012669	7
50024651	7
50012676	7
50005823	7
50012677	7
50012679	7
50012681	7
50012684	7
50012685	7
50012689	7
50012691	7
50012692	7
50012695	7
50012702	7
50012705	7
50012707	7
50012783	7
50012687	7
50012708	7
50013851	7
50014809	7
50024635	7
50024636	7
50010731	7
50012716	7
50012717	7
50012718	7
50012719	7
50012720	7
50012721	7
50012722	7
50012725	7
50012726	7
50012727	7
50012750	7
50012751	7
50012767	7
50024640	7
50024639	7
50024657	7
50013477	7
50013494	7
50013483	7
50013479	7
50013480	7
50013491	7
50013478	7
50013496	7
50013492	7
50024653	7
50016353	7
50016354	7
50016357	7
50016359	7
50016356	7
50016358	7
50016355	7
50024637	7
50024638	7
50008870	7
50022537	7
211708	7
50022538	7
50024641	7
50012731	7
50013216	7
50011917	7
50012724	7
50005918	7
50012682	7
50012683	7
50012688	7
50012701	7
50012706	7
50012730	7
50012732	7
50012733	7
50012735	7
50012746	7
50012747	7
50012748	7
50014225	7
50022398	7
50024658	7
350511	7
50003881	7
350301	7
350401	7
50001813	7
50012136	7
50012137	7
50016745	7
50008224	7
50020200	7
50019790	7
50015563	7
50018263	7
50015382	7
50015558	7
50015562	7
50015560	7
350503	7
50022734	7
50022735	7
50022736	7
50022737	7
50022739	7
50022738	7
50023116	7
50023117	7
50026084	7
50025785	7
50009808	7
50026077	7
50025615	7
50025819	7
121616	7
50005174	7
50012142	7
50005053	7
50001818	7
50012144	7
50012145	7
50012146	7
50008740	7
50012143	7
121703	7
121702	7
50011866	7
121704	7
120611	7
121705	7
50006478	7
50006479	7
50006480	7
50006481	7
50006482	7
50006483	7
50006484	7
50006485	7
50006486	7
50006487	7
50006488	7
50006489	7
50006491	7
50006492	7
50006493	7
50006494	7
50006495	7
50008110	7
50010568	7
50008109	7
50006490	7
50008652	7
50011867	7
50008739	7
50016482	7
50016483	7
50016488	7
50016484	7
50016489	7
50016107	7
50019650	7
50019649	7
50011973	7
50012067	7
120608	7
120612	7
50005137	7
350121	7
350122	7
50003367	7
50012158	7
50012159	7
50012147	7
50008317	7
50012148	7
50012149	7
50005887	7
50006534	7
50008316	7
50008741	7
50005009	7
50012934	7
1205	7
50003318	7
50020192	7
50003405	7
50003408	7
50003320	7
350123	7
50003406	7
50008106	7
50020193	7
350404	7
50002890	7
50000360	7
350310	7
350407	7
50008554	7
50012101	7
50013195	7
50008553	7
50008544	7
50006278	7
50002899	7
50002901	7
350409	7
350307	7
350406	7
50002889	7
350408	7
50008383	7
50008372	7
50008566	7
50005926	7
50012135	7
150806	7
50004394	7
50011868	7
50011869	7
50011871	7
50011872	7
50011870	7
50012955	7
50008542	7
50008555	7
50008563	7
50008557	7
350402	7
50017589	7
50018327	7
50017072	7
50008552	7
50022648	7
50006508	7
50004363	7
50002809	7
50002535	7
350709	7
350502	7
50012097	7
50002898	7
50002894	7
50008543	7
50003465	7
50005928	7
50004204	7
50002900	7
50004399	7
50004402	7
50002532	7
50005929	7
50011733	7
50013035	7
50013037	7
50013039	7
50008330	7
50003464	7
50008361	7
50003987	7
50005270	7
50006844	7
50006845	7
50008366	7
50008368	7
50008369	7
50016465	7
50013609	7
50002533	7
50008362	7
50002896	7
50012959	7
50013008	7
50013009	7
50013011	7
50012960	7
50013010	7
50008556	7
350504	7
50018103	7
50015397	7
350507	7
50002893	7
50018218	7
50003695	7
50013007	7
50012099	7
50003369	7
50011873	7
50011874	7
50011875	7
50011876	7
50015138	7
50013021	7
50013022	7
50013023	7
50013024	7
50013025	7
50013026	7
50013027	7
50013028	7
50013029	7
50013030	7
50013031	7
50013032	7
50013033	7
50013034	7
50013036	7
50013038	7
50013040	7
50013041	7
50013042	7
50013043	7
50013044	7
50013045	7
50013047	7
50013049	7
50013050	7
50013051	7
50013046	7
50013048	7
50008365	7
50008363	7
50000013	7
50011877	6
50011880	6
50024645	6
50011885	6
50011941	6
50023391	6
50024654	6
50011878	6
50011881	6
50024656	6
50011938	6
50012826	6
50011879	6
50024633	6
50011884	6
50024631	6
50024655	6
150803	6
50011882	6
50011887	6
50024630	6
50024634	6
50022661	6
50024632	6
50012083	6
50005180	6
50009106	6
50008389	6
50010409	6
50008392	6
50014749	6
50008545	6
350712	6
50004998	6
50004999	6
50005003	6
50005219	6
50003468	6
50005217	6
50005218	6
350208	6
350210	6
50018398	6
50018408	6
50018399	6
50018400	6
50018402	6
50018404	6
50018405	6
50018406	6
50018407	6
50018409	6
50018410	6
50018401	6
50018403	6
50023375	6
50008548	6
350202	6
50005015	6
50005016	6
50005017	6
50005019	6
50002916	6
50000118	6
50002910	6
50005018	6
50023393	6
50023392	6
50024626	6
350203	6
50011883	6
50008376	6
50008385	6
50024627	6
50010567	6
350201	6
350212	6
50004396	6
50005000	6
50005002	6
50023690	6
50018411	6
50018412	6
50010611	6
50003469	6
50023376	6
50003470	6
50010612	6
50009104	6
50023687	6
350215	6
50009107	6
50015979	6
50014743	6
50023688	6
50005183	6
50005466	6
50022662	6
50023374	6
50023686	6
50005011	6
350213	6
50024629	6
50024628	6
50010401	6
2801	6
50005251	6
50003854	6
50005250	6
50005253	6
50007278	6
50010020	6
50010021	6
50010022	6
50010042	6
50007125	6
50014247	6
50018424	6
50018425	6
50018427	6
50018426	6
50021417	6
50005255	6
50023052	6
50023063	6
50023062	6
50021415	6
50023039	6
50023043	6
50023041	6
50023042	6
50023044	6
50023045	6
50023046	6
50023047	6
50023040	6
50023048	6
50026085	6
50021419	6
50021413	6
50023032	6
50023061	6
50021420	6
50023059	6
50023030	6
50023031	6
50023033	6
50023036	6
50023034	6
50023035	6
50023038	6
50023037	6
50023049	6
50018423	6
50023050	6
50023051	6
50023060	6
50025859	6
50026328	6
50025863	6
50025853	6
50025861	6
50025865	6
50025858	6
50025862	6
50025864	6
50025860	6
50025856	6
50025852	6
50025854	6
50025855	6
50025857	6
50003948	6
50006236	6
50006235	6
50006245	6
50006528	6
350306	6
50006530	6
50006529	6
50006531	6
50006532	6
50006679	6
50009960	6
50006551	6
50023261	6
50025847	6
50008275	6
50001283	6
50001284	6
50007177	6
50018594	6
50011664	6
50012514	6
50003458	6
50006125	6
50006277	6
50006999	6
50012515	6
50012516	6
50012517	6
50012518	6
50012519	6
50012520	6
50012521	6
50007006	6
50023013	6
50023012	6
50023014	6
50023015	6
50023019	6
50023017	6
50023016	6
50023018	6
50023020	6
50025828	6
50009206	6
350706	6
50006279	6
50009210	6
50013983	6
50013986	6
50013985	6
50013987	6
50013988	6
50013984	6
50018432	6
50018433	6
50010464	6
50010465	6
50010357	6
50010466	6
50016434	6
50004407	6
210204	6
50003453	6
50008821	6
50010364	6
50009283	6
50003463	6
50009213	6
50008670	6
50008229	6
50010358	6
50010363	6
50009221	6
50011266	6
50007090	6
50006862	6
50025866	6
50025869	6
50025871	6
50025873	6
50025867	6
50025868	6
50025870	6
50026195	6
50025872	6
50023068	6
50011157	6
50023069	6
50023070	6
50023071	6
50023072	6
50025838	6
50004424	6
50004423	6
50004421	6
50011173	6
50018223	6
50023026	6
50023025	6
50024046	6
50012512	6
50000568	6
50006966	6
50006947	6
50006967	6
50006968	6
50013959	6
50013958	6
50013961	6
50013960	6
50025840	6
50025850	6
50025841	6
50025851	6
50025842	6
50025844	6
50025845	6
50025848	6
50025846	6
50025843	6
50025849	6
50026360	6
50010099	6
210211	6
50018429	6
50018434	6
50023022	6
50023021	6
50023023	6
50023024	6
50026194	6
50026402	6
50025839	6
216506	6
50026403	6
50004438	6
50002251	6
50002252	6
50002254	6
50000347	6
50006782	6
50006867	6
50006783	6
50011337	6
50006868	6
50024795	6
50024794	6
50002796	6
50005269	6
50002797	6
50002799	6
50002800	6
50002801	6
50002085	6
215202	6
50006860	6
50009820	6
50006759	6
50009819	6
50006848	6
50010419	6
50006677	6
50006943	6
50022541	6
50022543	6
50022542	6
50022379	6
50022381	6
50022385	6
50022383	6
50020216	6
50024783	6
50024779	6
50024780	6
50002798	6
50023875	6
50002258	6
50012549	6
50000014	6
50012491	6
50012493	6
50012494	6
50012495	6
50012496	6
50012497	6
50012498	6
50012501	6
50012502	6
50012499	6
50012550	6
50004436	6
50012504	6
50012505	6
50012506	6
50012508	6
50012509	6
50012510	6
50012507	6
50023730	6
215206	6
50003766	6
50003757	6
50003759	6
50003761	6
50003758	6
50003763	6
50003764	6
50003762	6
50003765	6
50011689	6
50006760	6
50003760	6
50011695	6
50011691	6
50011690	6
50011692	6
50011693	6
50011694	6
50011696	6
50010101	6
50003449	6
50002802	6
50002804	6
50002805	6
50005480	6
50011678	6
215204	6
50011676	6
50011677	6
50022375	6
50006899	6
50004390	6
50002803	6
50002807	6
50002808	6
215205	6
50004434	6
50004432	6
50004433	6
50004431	6
50006678	6
50006945	6
50006774	6
50022409	6
50022401	6
50022414	6
50022411	6
50022399	6
215201	6
350514	6
50006775	6
50006784	6
50006785	6
50006777	6
50006778	6
50006781	6
50006776	6
50008600	6
50022519	6
50014236	6
50014237	6
50000567	6
50024610	6
50022523	6
50022531	6
50022525	6
50022528	6
50022529	6
50022530	6
50022532	6
50022527	6
50022526	6
50022524	6
50024806	6
50006885	6
50006119	6
215207	6
50011698	6
50006887	6
50006888	6
50006894	6
50006897	6
50006898	6
50008525	6
50006865	6
50009226	6
50006896	6
50008735	6
50011684	6
50008523	6
50008527	6
50011697	6
50003448	6
50022389	6
50022387	6
50024782	6
350505	6
50025891	6
50024781	6
50006889	6
2107	6
50002259	6
50002261	6
50002262	6
50002263	6
50000346	6
50002264	6
50002265	6
50002267	6
50002260	6
50009225	6
50006766	6
50006900	6
50006772	6
50022377	6
50024790	6
50024791	6
50024793	6
50024792	6
50026079	6
50026082	6
50024789	6
50008281	6
350707	6
50007062	6
50006754	6
50008558	6
50008282	6
50006946	6
50006757	6
50006847	6
50006753	6
50006765	6
50006771	6
50012488	6
50002811	6
50002812	6
50002813	6
50006770	6
50011175	6
50012489	6
50006895	6
50000566	6
50012921	6
50012922	6
50012490	6
50009534	6
50003767	6
50009535	6
50009536	6
50006756	6
50012792	6
50006857	6
50011617	6
50006762	6
50004401	6
50006761	6
50006944	6
50006752	6
50006763	6
50012950	6
50006830	6
50006758	6
50022393	6
50022395	6
50020214	6
50024796	6
50006858	6
50006859	6
50022407	6
50024807	6
50000569	6
50005059	6
50005058	6
50006126	6
50005057	6
50008360	6
50010472	6
50004201	6
50010238	6
50012928	6
50009227	6
50019238	6
50025812	6
50025814	6
50025820	6
50025811	6
50025809	6
50025810	6
50025821	6
50024051	6
50025813	6
50009146	6
50003450	6
50005138	6
213201	6
50003818	6
50006989	6
50006685	6
50000570	6
50006681	6
50006682	6
50006683	6
50006684	6
50006687	6
50009366	6
50009205	6
50007167	6
50006861	6
50009201	6
50002816	6
50009202	6
50009203	6
50016900	6
50016903	6
50016911	6
50016899	6
50007005	6
50021302	6
50019039	6
50021852	6
50022428	6
50022432	6
50022429	6
50021304	6
50019038	6
50021851	6
50021303	6
50022426	6
50022433	6
50022515	6
50022556	6
50022539	6
50003949	6
50004415	6
50008340	6
50007063	6
50004413	6
50007065	6
50019046	6
50019045	6
50025795	6
50025794	6
50012927	6
50003459	6
50002131	6
50012526	6
50012527	6
50004416	6
50005037	6
50006850	6
50016887	6
50018843	6
50019234	6
50019239	6
50019043	6
50019233	6
50019235	6
50019236	6
50019042	6
50019044	6
50019469	6
50025798	6
50025793	6
50025791	6
50025788	6
50025792	6
50025797	6
50025796	6
50026092	6
50025822	6
50025823	6
50025825	6
50025827	6
50025824	6
50025826	6
50025787	6
50024125	6
2132	6
50003451	6
50003452	6
50003841	6
50008627	6
50003821	6
50000565	6
50003817	6
50006986	6
50008626	6
50006856	6
50006990	6
50006863	6
50006552	6
50011158	6
50010239	6
50011674	6
50018413	6
50018416	6
50022717	6
50022718	6
50025801	6
50025806	6
50025803	6
50025800	6
50023404	6
50023406	6
50023405	6
50023407	6
50023409	6
50025802	6
50025804	6
50025805	6
50018683	6
50010467	6
50023172	6
50023180	6
50023181	6
50025915	6
50025942	6
50025919	6
50025916	6
50025914	6
50025921	6
50025943	6
50025918	6
50025920	6
50025923	6
50025922	6
50025955	6
50025906	6
50003447	6
50025956	6
50025939	6
50025908	6
50023169	6
50025944	6
50025928	6
50025945	6
50025917	6
50025902	6
50002713	6
50012076	6
50012075	6
50023171	6
50025912	6
50025937	6
50025913	6
50025905	6
50005055	6
50011177	6
50025938	6
50025936	6
50001691	6
50023166	6
50025911	6
50023177	6
50025941	6
50025940	6
50025903	6
50002711	6
50002817	6
50025904	6
50001735	6
50023167	6
50025925	6
50025924	6
50025926	6
50025909	6
50023183	6
50025954	6
50023189	6
50003460	6
50023202	6
50023200	6
50023201	6
50023190	6
50025894	6
50026276	6
50023242	6
50025893	6
50025895	6
50025896	6
50022707	6
50022708	6
50022710	6
50022714	6
50022711	6
50022713	6
50022709	6
50023243	6
50025900	6
50023246	6
50023244	6
50025898	6
50023260	6
50023245	6
50023247	6
50025899	6
50023248	6
50025897	6
50025901	6
50002789	6
50005036	6
50008861	6
50005494	6
50005496	6
50005498	6
50005499	6
50005500	6
50003457	6
50003455	6
50001692	6
50002791	6
50002792	6
50002793	6
50005495	6
50005501	6
50005502	6
50003942	6
50005503	6
50020778	6
50005497	6
290209	6
50001945	6
50001940	6
50006676	6
50006732	6
50001944	6
50006736	6
50006733	6
50006734	6
50006738	6
50006737	6
50006745	6
50006747	6
50006739	6
50006748	6
50006828	6
50006746	6
50006740	6
50003497	6
50001942	6
50006749	6
50006750	6
50006822	6
50006742	6
50006741	6
50006743	6
50006744	6
50006101	6
213002	6
50000582	6
50000583	6
50000584	6
50010041	6
50012051	6
50005033	6
50017143	6
2101	6
210107	6
50005035	6
50005030	6
50005031	6
50005026	6
50005027	6
50005028	6
50005029	6
50005034	6
50017233	6
50017236	6
50017234	6
50017235	6
50017148	6
50017150	6
50024951	6
50017237	6
50022669	6
50022671	6
50022672	6
50022567	6
50022668	6
50022666	6
50022670	6
50022700	6
50022673	6
50022667	6
50022665	6
50024922	6
50003494	6
50020753	6
50021908	6
50021909	6
50020803	6
50020805	6
50021910	6
50024925	6
50020736	6
50005507	6
50008863	6
50008862	6
50020768	6
50020763	6
50020764	6
50020770	6
50020773	6
50023091	6
50020766	6
50022701	6
50020751	6
50020121	6
50024918	6
50002795	6
50005505	6
50020796	6
50020798	6
50024943	6
50024923	6
50012944	6
50020676	6
50024945	6
50024797	6
50002794	6
50020776	6
50024921	6
50024801	6
50024799	6
50024947	6
50020748	6
50024948	6
50024950	6
50024949	6
50024924	6
50002790	6
50001866	6
50020729	6
50020720	6
50020732	6
50020730	6
50020678	6
50001871	6
50012791	6
210103	6
210111	6
50001865	6
50002777	6
50008260	6
290903	6
50008264	6
50008265	6
50008261	6
50008093	6
50008262	6
50008263	6
50019373	6
50019374	6
50019378	6
50019377	6
50019370	6
50019375	6
50019376	6
50008824	6
50008246	6
50010888	6
50008565	6
50008247	6
50005506	6
50008341	6
50000512	6
50001878	6
50008250	6
50008248	6
50008252	6
50008632	6
50012058	6
50012059	6
50012060	6
50008245	6
50008582	6
50008251	6
50008249	6
50017193	6
50017191	6
50017192	6
50019372	6
50010825	6
50013810	6
50008779	6
50022514	6
50010103	6
50000563	6
50008608	6
50008607	6
50006988	6
50024602	6
50024601	6
211104	9
50018808	9
50005772	9
50016098	9
50016097	9
50018837	9
50018841	9
50018840	9
50018836	9
50018811	9
50018839	9
50018812	9
50018809	9
50016096	9
50014813	9
50016094	9
50016104	9
50018184	9
50016103	9
50016105	9
50018595	9
50016095	9
50016099	9
50016100	9
50016102	9
50018807	9
50018801	9
50006825	9
50018802	9
50018597	9
50018803	9
50018804	9
50018598	9
50018806	9
50018596	9
50006020	9
50005962	9
50006023	9
50006021	9
50012415	9
50005960	9
50012820	9
50016368	9
50013697	9
50016367	9
50016369	9
211112	9
50012546	9
50012412	9
50000829	9
50012414	9
50012418	9
50012421	9
50012416	9
50012417	9
50015974	9
50015975	9
50015381	9
50016160	9
50015557	9
50015977	9
50015972	9
50012436	9
50006022	9
50006017	9
50006024	9
50012440	9
50008714	9
50012437	9
50012439	9
50012442	9
50012444	9
50012445	9
50012758	9
50012806	9
50012808	9
50012809	9
50012447	9
50012810	9
50012811	9
50012812	9
50012813	9
50012814	9
50012815	9
50016469	9
50016471	9
50015053	9
50015951	9
50016470	9
50014844	9
50015938	9
50016468	9
50014845	9
50012448	9
50005951	9
50008709	9
50012450	9
50012452	9
50012453	9
50012454	9
50012449	9
50012451	9
50014700	9
50005952	9
50005959	9
50005969	9
50006502	9
50006503	9
50005954	9
50005956	9
50005957	9
50012226	9
50005982	9
50005953	9
50016223	9
50014849	9
50016224	9
50016222	9
50016330	9
50012466	9
50005970	9
50008708	9
50012467	9
50012468	9
50012469	9
50014726	9
50012711	9
50012227	9
50012530	9
50012531	9
50012712	9
50012714	9
50015709	9
50017080	9
50009522	9
50009523	9
50012805	9
50009521	9
50008710	9
50009526	9
50009533	9
50009527	9
50009529	9
50009532	9
50009530	9
50012841	9
50009524	9
50009525	9
50008706	9
50009531	9
50014231	9
50014230	9
50016583	9
50016455	9
50008707	9
50012754	9
50012755	9
50012780	9
50012789	9
50012807	9
50012817	9
50012818	9
50012819	9
50012842	9
50018624	9
50013866	9
50001714	9
50005966	9
50005964	9
50005965	9
50013867	9
50018325	9
50012438	9
50012759	9
50018417	9
50018418	9
50018419	9
50018420	9
50017082	9
50014248	9
50004439	9
50014257	9
50014259	9
50014249	9
50014250	9
50014260	9
50014255	9
50014256	9
50014741	9
50014254	9
50015052	9
50014253	9
50014258	9
50018391	9
50008705	9
50009528	9
50008711	9
50008703	9
50008704	9
50012753	9
50018415	9
50018394	9
50018395	9
50012413	9
50012419	9
50012420	9
50018422	9
50018686	9
50018396	9
50012599	9
50012441	9
50012443	9
50012446	9
50012460	9
50014846	9
50016467	9
50018805	9
50022520	9
50006081	9
50010218	9
50013199	9
50013200	9
50013857	9
50018813	9
50011864	9
50005961	9
50006000	9
50006008	9
50006013	9
50006014	9
50006015	9
50006016	9
50006001	9
50011801	9
50011810	9
50011819	9
50011820	9
50011822	9
50011824	9
50006228	9
50012363	9
50011829	9
50006002	9
50006004	9
50006005	9
50006007	9
50006891	9
50010486	9
50008345	9
50017185	9
50015561	9
50015894	9
50015893	9
50017183	9
50015564	9
50017184	9
50015896	9
50023677	9
50023676	9
50012374	9
50013013	9
50011802	9
50011800	9
50011803	9
50011806	9
50011809	9
50011817	9
50011804	9
50011805	9
50013012	9
50010398	9
50013184	9
50012375	9
50012376	9
50012377	9
50012379	9
50012380	9
50012381	9
50012532	9
50023583	9
50012378	9
50023581	9
50023582	9
50023584	9
50005997	9
50018397	9
50016687	9
50010399	9
50016686	9
50016688	9
50016884	9
50023646	9
50012314	9
50011818	9
50011597	9
50014848	9
50012354	9
50012360	9
50012372	9
50002664	9
50012355	9
50012356	9
50012357	9
50012358	9
50012359	9
50012361	9
50012362	9
50012364	9
50012365	9
50012366	9
50012367	9
50012369	9
50012370	9
50012373	9
50007124	9
50012371	9
50023594	9
50023591	9
50023595	9
50023593	9
50023660	9
50006010	9
50014810	9
50016731	9
50023613	9
50006012	9
50023615	9
50023614	9
50023573	9
50010392	9
50023696	9
50013186	9
50013187	9
50013188	9
50013190	9
50010538	9
50013191	9
50010539	9
50014512	9
50016012	9
50013618	9
50013693	9
50016450	9
50006583	9
50006994	9
50006995	9
50006998	9
50010547	9
50006993	9
50014847	9
50019466	9
50006996	9
50006997	9
50019468	9
50006217	9
50012340	9
50012344	9
50012346	9
50012347	9
50012350	9
50012351	9
50012341	9
50012353	9
50017903	9
50003620	9
50012342	9
50012348	9
50012349	9
50012343	9
50012352	9
50017902	9
50012345	9
50012308	9
50012309	9
50012310	9
50010520	9
50024769	9
50010519	9
50010548	9
50010518	9
50010531	9
50010537	9
50010524	9
50010530	9
50023868	9
50006584	9
50012433	9
50024824	9
50013189	9
50010526	9
50012431	9
50012424	9
50010540	9
50010527	9
50010828	8
50013202	8
50013203	8
50013204	8
50013205	8
50013210	8
50013214	8
50017267	8
50017268	8
50017261	8
50017266	8
50017265	8
50017246	8
50017240	8
50017244	8
50017241	8
50017243	8
50017242	8
50017245	8
50013253	8
50013291	8
50013292	8
50013294	8
50013295	8
50013296	8
50013298	8
50013299	8
50013309	8
50013314	8
50010749	8
50011556	8
50012333	8
50012322	8
50012323	8
50012324	8
50012328	8
50012332	8
50012329	8
50012325	8
50016857	8
50016858	8
50016860	8
50017578	8
50016864	8
50016866	8
50016863	8
50016859	8
50016865	8
50016862	8
50016861	8
50017577	8
50012331	8
50012327	8
50016663	8
50018316	8
50018317	8
50016665	8
50016670	8
50016664	8
50016668	8
50016666	8
50016673	8
50016677	8
50016672	8
50016669	8
50016675	8
50016732	8
50016671	8
50016667	8
50016674	8
50020043	8
50020042	8
50019555	8
50019707	8
50020050	8
50020044	8
50020212	8
50020045	8
50020041	8
50020211	8
50017085	8
50017086	8
50017102	8
50017096	8
50017109	8
50017092	8
50017098	8
50017105	8
50017099	8
50017101	8
50017103	8
50017114	8
50017110	8
50017100	8
50017111	8
50017097	8
50017146	8
50017095	8
50017107	8
50017108	8
50017104	8
50017094	8
50017093	8
50017106	8
50017115	8
50017112	8
50019227	8
50019297	8
50019559	8
50019553	8
50019248	8
50019552	8
50019551	8
50019554	8
50018025	8
50018188	8
50018040	8
50018039	8
50018187	8
50018041	8
50018033	8
50018036	8
50018034	8
50018037	8
50018035	8
50018185	8
50018026	8
50018032	8
50018027	8
50018028	8
50018031	8
50018029	8
50018038	8
50019557	8
50019983	8
50019987	8
50019984	8
50019985	8
50019986	8
50019988	8
50019991	8
50019558	8
50026076	8
50018096	8
50018097	8
50018098	8
50018100	8
50018099	8
50018102	8
50017117	8
50017132	8
50017119	8
50017147	8
50017120	8
50017122	8
50017128	8
50017130	8
50017123	8
50017129	8
50017131	8
50017127	8
50017125	8
50017118	8
50017121	8
50017126	8
50017124	8
50019560	8
50020039	8
50020038	8
50020040	8
50017077	8
50017079	8
50017600	8
50017605	8
50017612	8
50017606	8
50017613	8
50017611	8
50017610	8
50017608	8
50017607	8
50017609	8
50017603	8
50017614	8
50017615	8
50017078	8
50017601	8
50017599	8
50017598	8
50017597	8
50017596	8
50017602	8
50017616	8
50017618	8
50017622	8
50017621	8
50017623	8
50017624	8
50017617	8
50017619	8
50017776	8
50017781	8
50017788	8
50017789	8
50017791	8
50017795	8
50017799	8
50017794	8
50017798	8
50017820	8
50017792	8
50017793	8
50017796	8
50017800	8
50017797	8
50017782	8
50017783	8
50017785	8
50017779	8
50017784	8
50017786	8
50017787	8
50017790	8
50017780	8
50017777	8
50017269	8
50017270	8
50017287	8
50017296	8
50017298	8
50017292	8
50017297	8
50017290	8
50017291	8
50017293	8
50017288	8
50017295	8
50017294	8
50017289	8
50017276	8
50017273	8
50017281	8
50017284	8
50017282	8
50017286	8
50017285	8
50017283	8
50017278	8
50017271	8
50017272	8
50017274	8
50017279	8
50017275	8
50017280	8
50017277	8
50018194	8
50018197	8
50018195	8
50018196	8
50018198	8
50018199	8
50018204	8
50018205	8
50018206	8
50018209	8
50018200	8
50018202	8
50018203	8
50018208	8
50018210	8
50018211	8
50018201	8
50018207	8
50018214	8
50013823	8
50017214	8
50017226	8
50013830	8
50013826	8
50013827	8
50017205	8
50017213	8
50017208	8
50017207	8
50017212	8
50017206	8
50017210	8
50017299	8
50017209	8
50017211	8
50017215	8
50013824	8
50013825	8
50017223	8
50013829	8
50017227	8
50017217	8
50017229	8
50017221	8
50017225	8
50017230	8
50017220	8
50017228	8
50017219	8
50016472	8
50016493	8
50016660	8
50016659	8
50016661	8
50016681	8
50016683	8
50016682	8
50016684	8
50016494	8
50016607	8
50016609	8
50016608	8
50016610	8
50016490	8
50016616	8
50016619	8
50016618	8
50016476	8
50016592	8
50016593	8
50016596	8
50016594	8
50016595	8
50016495	8
50016606	8
50016603	8
50016605	8
50016602	8
50016604	8
50016486	8
50016629	8
50016630	8
50016631	8
50016479	8
50016655	8
50016654	8
50016656	8
50016485	8
50016633	8
50016635	8
50016634	8
50016475	8
50016645	8
50016643	8
50016646	8
50016644	8
50016648	8
50016642	8
50016647	8
50016474	8
50016622	8
50016617	8
50016624	8
50016620	8
50016623	8
50016491	8
50016614	8
50016612	8
50016613	8
50016487	8
50016627	8
50016625	8
50016473	8
50016586	8
50016584	8
50016585	8
50016588	8
50016587	8
50016589	8
50016477	8
50016652	8
50016651	8
50016650	8
50016492	8
50016574	8
50016571	8
50016572	8
50016481	8
50016639	8
50016637	8
50016638	8
50016591	8
50016601	8
50016598	8
50016599	8
50016600	8
50017731	8
50017732	8
50017752	8
50017735	8
50017734	8
50017733	8
50023182	8
50023186	8
50023184	8
50023185	8
50023187	8
50023188	8
50023252	8
50023255	8
50023256	8
50023253	8
50023251	8
50023250	8
50023249	8
50023254	8
50025658	8
50025660	8
50025659	8
50025661	8
50017625	8
50017626	8
50017627	8
50017628	8
50017631	8
50017630	8
50017757	8
50017765	8
50017763	8
50017821	8
50017761	8
50017758	8
50017764	8
50017762	8
50016729	8
50016742	8
50016748	8
50016769	8
50016760	8
50016764	8
50016759	8
50016750	8
50016765	8
50016756	8
50016757	8
50016751	8
50016755	8
50016753	8
50016766	8
50016758	8
50016761	8
50016763	8
50016754	8
50019556	8
50023342	8
50023361	8
50023378	8
50023343	8
50023377	8
50023438	8
50023379	8
50016752	8
50016740	8
50016738	8
50016747	8
50016744	8
50016739	8
50016736	8
50016743	8
50016749	8
50016741	8
50016737	8
50016762	8
50023561	8
50023369	8
50023344	8
50023341	8
50017871	8
50017887	8
50017889	8
50017872	8
50017883	8
50017874	8
50017878	8
50017882	8
50017873	8
50017879	8
50017875	8
50017881	8
50017880	8
50017877	8
50017895	8
50017897	8
50017884	8
50017886	8
50017892	8
50018183	8
50017890	8
50017891	8
50018215	8
50018216	8
50017900	8
50017899	8
50017898	8
50017885	8
50017888	8
50018217	8
50017896	8
50017894	8
50017893	8
50019704	8
50024958	8
50024962	8
50023574	8
50024959	8
50024960	8
50024961	8
50018189	8
50018190	8
50018192	8
50018191	8
50018193	8
2612	8
261203	8
261204	8
261205	8
50010615	8
50010618	8
50010621	8
50010616	8
50010619	8
50018777	8
50018776	8
50020176	8
50018775	8
50019302	8
50010617	8
50016703	8
50014817	8
50015390	8
50015389	8
50015392	8
50015394	8
50015393	8
50015391	8
50019775	8
50019291	8
50018782	8
50018744	8
50019303	8
50018780	8
50019301	8
50018750	8
50019305	8
50018746	8
50019299	8
50019300	8
50018781	8
50019298	8
50019304	8
50018747	8
50018778	8
50018745	8
50018779	8
50018687	8
50019487	8
50018693	8
50018694	8
50018729	8
50018770	8
50018731	8
50018741	8
50018737	8
50018730	8
50018732	8
50018738	8
50018742	8
50018736	8
50018740	8
50018735	8
50018734	8
50018733	8
50018739	8
50018691	8
50018695	8
50018751	8
50018759	8
50019371	8
50018769	8
50018749	8
50018753	8
50018760	8
50018748	8
50018763	8
50018764	8
50018771	8
50018950	8
50018762	8
50018767	8
50018752	8
50018765	8
50018949	8
50019470	8
50018761	8
50018743	8
50018756	8
50018758	8
50018757	8
50018754	8
50018696	8
261105	8
50018726	8
50018723	8
50018724	8
50019369	8
50018725	8
50018727	8
50018728	8
50024908	8
50016689	8
50016691	8
50016699	8
50016700	8
50016692	8
50016696	8
50016704	8
50016707	8
50016727	8
50016717	8
50016719	8
50016713	8
50016728	8
50016711	8
50016718	8
50016712	8
50016715	8
50016705	8
50016725	8
50016716	8
50016710	8
50016714	8
50016720	8
50016708	8
50016695	8
50016690	8
50016730	8
50016697	8
50016698	8
50016701	8
50016702	8
50016694	8
50016693	8
50016724	8
50017913	8
50017937	8
50017940	8
50017946	8
50017939	8
50017944	8
50017938	8
50017942	8
50017943	8
50017941	8
50017945	8
50019537	8
50017914	8
50017917	8
50017915	8
50017924	8
50017920	8
50017916	8
50017921	8
50017918	8
50017919	8
50017925	8
50017932	8
50017928	8
50017927	8
50017926	8
50017934	8
50017929	8
50017930	8
50017936	8
50017976	8
50017985	8
50017970	8
50017973	8
50017971	8
50017975	8
50017974	8
50017986	8
50017947	8
50017949	8
50017948	8
50017952	8
50017954	8
50017950	8
50017951	8
50017953	8
50017981	8
50017984	8
50017963	8
50017966	8
50017965	8
50017967	8
50017968	8
50017969	8
50017987	8
50017955	8
50017958	8
50017960	8
50017959	8
50017956	8
50017957	8
50017961	8
50018005	8
50018006	8
50018010	8
50018012	8
50018007	8
50018008	8
50018009	8
50018011	8
50018017	8
50018020	8
50018021	8
50018018	8
50018019	8
50018022	8
50018013	8
50018014	8
50018015	8
50018016	8
50018053	8
50020279	8
50017859	8
50017862	8
50017863	8
50017865	8
50017867	8
50017869	8
50017861	8
50017864	8
50017860	8
50017722	8
50017818	8
50017739	8
50017742	8
50017748	8
50017729	8
50017740	8
50017728	8
50017725	8
50017726	8
50017730	8
50017724	8
50017723	8
50017741	8
50017743	8
50017749	8
50017745	8
50017747	8
50017744	8
50017750	8
50017746	8
50017727	8
50019710	8
50019711	8
50019503	8
50019504	8
50019507	8
50019505	8
50019501	8
50019782	8
50019402	8
50019406	8
50019407	8
50019415	8
50019418	8
50019408	8
50019411	8
50019410	8
50022559	8
50019404	8
50019409	8
50019403	8
50019419	8
50019421	8
50019423	8
50019413	8
50019414	8
50019412	8
50019417	8
50019416	8
50019405	8
50019422	8
50019420	8
50018692	8
50019380	8
50019381	8
50019384	8
50019396	8
50019388	8
50019400	8
50019390	8
50019398	8
50019387	8
50019391	8
50019389	8
50019393	8
50019385	8
50019399	8
50019383	8
50019382	8
50019394	8
50019401	8
50019395	8
50019397	8
50019386	8
50019392	8
50019427	8
50019448	8
50019445	8
50019440	8
50019441	8
50019436	8
50019437	8
50019444	8
50019438	8
50019434	8
50019433	8
50019439	8
50019446	8
50019435	8
50019449	8
50019428	8
50019442	8
50019447	8
50019430	8
50019431	8
50019450	8
50019500	8
50019502	8
50010745	8
50026074	8
50012937	8
50012938	8
50012939	8
50012940	8
50012941	8
50012942	8
50012943	8
50012945	8
50012947	8
50012948	8
50012949	8
50017580	8
50017579	8
50019708	8
50019705	8
50019222	8
50012946	8
50019709	8
50019706	8
50023363	8
50023456	8
50023459	8
50023454	8
50023495	8
50023491	8
50023492	8
50023494	8
50023493	8
50023453	8
50023486	8
50023476	8
50023481	8
50023487	8
50023483	8
50023485	8
50023484	8
50023477	8
50023482	8
50023490	8
50023489	8
50023478	8
50023474	8
50023475	8
50023480	8
50023488	8
50023479	8
50023458	8
50023449	8
50023472	8
50023451	8
50023473	8
50023452	8
50023471	8
50023448	8
50023464	8
50023470	8
50023450	8
50023461	8
50023467	8
50023468	8
50023463	8
50023460	8
50023462	8
50023465	8
50023466	8
50023469	8
50023455	8
50023457	8
50026075	8
50023370	8
50023526	8
50023534	8
50023536	8
50023537	8
50023532	8
50023538	8
50023535	8
50023539	8
50023540	8
50023533	8
50023530	8
50023527	8
50023541	8
50023545	8
50023542	8
50023547	8
50023546	8
50023549	8
50023543	8
50023544	8
50023548	8
50023529	8
50023531	8
50023528	8
50023556	8
50023557	8
50023555	8
50023558	8
50023554	8
50023551	8
50023550	8
50023552	8
50023553	8
50014764	8
50016142	8
50016144	8
50016081	8
50016082	8
50015985	8
50016145	8
50019774	8
50019772	8
50019771	8
50019773	8
50013891	8
50014025	8
50014102	8
50014104	8
50014112	8
50014105	8
50014103	8
50014106	8
50014200	8
50014209	8
50014204	8
50014206	8
50014202	8
50014201	8
50014203	8
50014210	8
50014205	8
50014127	8
50014158	8
50014141	8
50014148	8
50014152	8
50014143	8
50014151	8
50014135	8
50014142	8
50014155	8
50014149	8
50014139	8
50014140	8
50014138	8
50014145	8
50014153	8
50014144	8
50014150	8
50014136	8
50014154	8
50014134	8
50014125	8
50014163	8
50014191	8
50014193	8
50014194	8
50014190	8
50014215	8
50014159	8
50014168	8
50014162	8
50014197	8
50014165	8
50014167	8
50014179	8
50014166	8
50014164	8
50014192	8
50014126	8
50014208	8
50014133	8
50014130	8
50014131	8
50014214	8
50014129	8
50014132	8
50014043	8
50014059	8
50014058	8
50014070	8
50014071	8
50014057	8
50014074	8
50014065	8
50014051	8
50014073	8
50014062	8
50014064	8
50014066	8
50015945	8
50014063	8
50014069	8
50014050	8
50014060	8
50018251	8
50014100	8
50014067	8
50014061	8
50015368	8
50015370	8
50015371	8
50018244	8
50015372	8
50018245	8
50015373	8
50015376	8
50015377	8
50015369	8
50013908	8
50018158	8
50014499	8
50018163	8
50018166	8
50018173	8
50018182	8
50018169	8
50018164	8
50018159	8
50018172	8
50018168	8
50018161	8
50018162	8
50018170	8
50018160	8
50018167	8
50014756	8
50014774	8
50014772	8
50014771	8
50016111	8
50014773	8
50013892	8
50013899	8
50013905	8
50013893	8
50013906	8
50013894	8
50015229	8
50013895	8
50013927	8
50018828	8
50014763	8
50014782	8
50014779	8
50014780	8
50015750	8
50014781	8
50014759	8
50014823	8
50015743	8
50018221	8
50014822	8
50018175	8
50018157	8
50018247	8
50014824	8
50018249	8
50018248	8
50018827	8
50019694	8
50019695	8
50014762	8
50014767	8
50014783	8
50015145	8
50015143	8
50015146	8
50015144	8
50015147	8
50016119	8
50016121	8
50016138	8
50016132	8
50016133	8
50016126	8
50016153	8
50016152	8
50016158	8
50014757	8
50014836	8
50014840	8
50018178	8
50013898	8
50018179	8
50013896	8
50016342	8
50013955	8
50014893	8
50014838	8
50014837	8
50013901	8
50014894	8
50016332	8
50014766	8
50019592	8
50014778	8
50017070	8
50019595	8
50019598	8
50019593	8
50019594	8
50019596	8
50019597	8
50019539	8
50019583	8
50019582	8
50019580	8
50019578	8
50019581	8
50019584	8
50019589	8
50019588	8
50019591	8
50019590	8
50019585	8
50019586	8
50019587	8
50020172	8
50019579	8
50019007	8
50019117	8
50019133	8
50019125	8
50019127	8
50019131	8
50023089	8
50019136	8
50019130	8
50023088	8
50023161	8
50019126	8
50019128	8
50019135	8
50023090	8
50023122	8
50019122	8
50019160	8
50019161	8
50019154	8
50023087	8
50019157	8
50019155	8
50023086	8
50019223	8
50019118	8
50019144	8
50019342	8
50019140	8
50019119	8
50019150	8
50019163	8
50019145	8
50023136	8
50019164	8
50019147	8
50019151	8
50019146	8
50023092	8
50019162	8
50019712	8
50014758	8
50017870	8
50014841	8
50018722	8
50019723	8
50019713	8
50019725	8
50019724	8
50019718	8
50019721	8
50019720	8
50019719	8
50019722	8
50019717	8
50019601	8
50014146	8
50014887	8
50018165	8
50014886	8
50015273	8
50017774	8
50014775	8
50019607	8
50017778	8
50019613	8
50019611	8
50020128	8
50019609	8
50019608	8
50019610	8
50025640	8
2203	8
50016382	8
50013888	8
50014792	8
50014802	8
50015984	8
50014803	8
50013930	8
50014787	8
50015980	8
50014788	8
50015396	8
50013928	8
50014785	8
50014786	8
50015978	8
50014089	8
50014796	8
50014680	8
50014798	8
50019543	8
50019541	8
50016143	8
50013933	8
50013937	8
50014800	8
50014801	8
50015983	8
50014137	8
50019535	8
50019517	8
50014791	8
50014677	8
50013932	8
50019520	8
50019526	8
50019527	8
50014799	8
50019547	8
50019549	8
50026369	8
50026370	8
50026371	8
50026372	8
50026373	8
50026375	8
50026374	8
50026376	8
50019269	8
50015374	8
50019278	8
50019690	8
50019272	8
50019276	8
50019270	8
50019281	8
50019279	8
50019274	8
50019280	8
50019275	8
50026377	8
50026378	8
50026383	8
50026388	8
50026387	8
50026386	8
50026385	8
50026384	8
50026389	8
50026390	8
50026391	8
50026392	8
50026393	8
50026394	8
50013887	8
50015943	8
50014496	8
50014503	8
50014493	8
50014495	8
50014500	8
50016151	8
50014502	8
50014494	8
50020102	8
50026399	8
50026400	8
50026401	8
50014023	8
50017576	8
50014088	8
50017188	8
50014098	8
50014087	8
50014092	8
50014075	8
50014077	8
50014095	8
50014080	8
50014085	8
50014076	8
50014078	8
50014081	8
50014097	8
50017238	8
50017575	8
50014079	8
50014099	8
50017755	8
50014094	8
50014084	8
50023434	8
50023432	8
50023430	8
50023435	8
50023431	8
50023433	8
50026407	8
50011704	8
50011713	8
50011718	8
50011720	8
50011721	8
50011722	8
50011739	8
50013228	8
50013239	8
50011717	8
50011706	8
50023095	8
50023097	8
50023096	8
50023098	8
50023100	8
50023099	8
50023359	8
50023109	8
50013238	8
50011726	8
50022728	8
50022889	8
50022891	8
50022892	8
50023094	8
50022890	8
50022893	8
50023102	8
50023103	8
50023104	8
50023105	8
50023107	8
50023106	8
50023108	8
50011711	8
50023110	8
50023111	8
50023114	8
50023113	8
50023415	8
50023421	8
50023424	8
50023425	8
50023423	8
50023418	8
50023417	8
50023420	8
50023419	8
50023416	8
50006192	9
2512	9
251404	9
251203	9
251702	9
50008842	9
50008854	9
50008686	9
50008687	9
50008851	9
50007122	9
50014096	9
50013966	9
50015250	9
50015261	9
50013967	9
50015180	9
50016436	9
50016438	9
50013977	9
50015257	9
50019004	9
50023777	9
50024421	9
50023778	9
50023789	9
50000802	9
4008	9
50002094	9
50012455	9
50000935	9
50012463	9
50012464	9
50012456	9
50012457	9
50012458	9
50012459	9
50012461	9
50012462	9
50012465	9
50012749	9
50012715	9
50015895	9
50016046	9
50017190	9
50016435	9
50024218	9
2505	9
50006213	9
50002829	9
250504	9
250507	9
250511	9
50006499	9
50006507	9
50002406	9
250517	9
250518	9
250519	9
250521	9
250522	9
50003840	9
250524	9
250523	9
50006500	9
50006501	9
50006505	9
50006506	9
50001957	9
50002422	9
50002423	9
250525	9
50006549	9
50006538	9
50006539	9
50006540	9
50006541	9
50006542	9
50006543	9
50006544	9
50006545	9
50006546	9
50006547	9
50006537	9
50006548	9
50005930	9
50003839	9
50006971	9
50008926	9
50008893	9
50008895	9
50004360	9
50006985	9
50007150	9
50006214	9
50008894	9
50006553	9
50006561	9
50006970	9
50013104	9
50013105	9
50013106	9
50013107	9
50013108	9
50013109	9
50013110	9
50013111	9
50013112	9
50013113	9
50013114	9
50013115	9
50013150	9
50013116	9
50013117	9
50013118	9
50013119	9
50013120	9
50013121	9
50013122	9
50013123	9
50013124	9
50013125	9
50013126	9
50013127	9
50013153	9
50013128	9
50013129	9
50013130	9
50013131	9
50013132	9
50013133	9
50013134	9
50013135	9
50013136	9
50013137	9
50013138	9
50013139	9
50013140	9
50013161	9
50013162	9
50013164	9
50013141	9
50013142	9
50013143	9
50013144	9
50013145	9
50013146	9
50013147	9
50013148	9
50013149	9
50013154	9
50013155	9
50008921	9
50011975	9
50011737	9
50013198	9
50006076	9
50006077	9
50006078	9
50006079	9
50006080	9
50006082	9
50006083	9
50011760	9
50008691	9
50013852	9
50023723	9
50023710	9
50023759	9
50008876	9
50013017	9
50013015	9
50013018	9
50013019	9
50013020	9
50007146	9
50007190	9
50007180	9
50012522	9
50012524	9
50008756	9
50017216	9
50008840	9
50008857	9
50008839	9
50008877	9
50008838	9
50014242	9
50016439	9
50014111	9
50015823	9
50014241	9
50013815	9
50013856	9
50023772	9
50023774	9
50023625	9
50008841	9
50013182	9
50007120	9
50007118	9
50023626	9
50023630	9
50023803	9
50023634	9
50023629	9
50023632	9
50023633	9
50023627	9
50023628	9
50023631	9
50023780	9
50023801	9
50023771	9
50010240	9
50008879	9
251402	9
50009539	9
50009544	9
50009543	9
251401	9
50012404	9
50012409	9
1644	9
50012405	9
50012407	9
50012408	9
50012410	9
50012406	9
50012411	9
50015878	9
50005963	9
250801	9
50001730	9
50005515	9
50001410	9
50006890	9
50016453	9
50016452	9
50023699	9
50023700	9
50023698	9
50000813	9
50001689	9
50000815	9
50000814	9
50005089	9
50006937	9
50012246	9
50012247	9
50012248	9
50008349	9
50013850	9
50008528	9
251101	9
251102	9
251103	9
50005900	9
50005898	9
50005899	9
50005902	9
50005897	9
50005920	9
50006799	9
50014245	9
50019051	9
50019052	9
50024229	9
50023697	9
50006992	9
50012770	9
50012844	9
50007116	9
50007119	9
50008348	9
50007145	9
50008758	9
50007117	9
50007123	9
50013863	9
50014228	9
50007121	9
50023605	9
50008836	9
50024057	9
50023622	9
50023619	9
50023621	9
50023620	9
50023624	9
50023618	9
50023642	9
50008843	9
50023645	9
50023797	9
50015959	9
2516	9
50006535	9
251603	9
50007102	9
50008927	9
251601	9
50007130	9
200909	9
251605	9
250516	9
251602	9
50007088	9
50008160	9
50007128	9
50007115	9
50008780	9
50005896	9
50008788	9
50008783	9
50008781	9
50008782	9
50012828	9
50008736	9
50003037	9
251608	9
50007144	9
50007142	9
50007136	9
50007081	9
50007143	9
50007109	9
50007083	9
50007129	9
50008796	9
50008747	9
50008751	9
50008818	9
50007114	9
50008790	9
50008795	9
50008819	9
50007148	9
50008750	9
50008791	9
50005937	9
2538	9
50003046	9
50005939	9
261405	9
50005940	9
50005941	9
50005942	9
50005943	9
50002703	9
50005938	9
50005944	9
50007080	9
50007105	9
50007086	9
50007103	9
50007134	9
251607	9
50007084	9
261403	9
50007087	9
50006559	9
50007107	9
50007106	9
50005934	9
50008871	9
50003039	9
50008872	9
50008874	9
50008873	9
2501	9
250101	9
50002077	9
50006504	9
50002079	9
50002080	9
250103	9
250105	9
250102	9
250104	9
50003825	9
50003827	9
50003828	9
50003829	9
50003831	9
50003834	9
50003835	9
50007214	9
250106	9
50002081	9
50002082	9
50007139	9
50003824	9
50003826	9
50003830	9
50008925	9
50007173	9
50007176	9
50007004	9
50007172	9
50007138	9
50007140	9
50007174	9
50003832	9
50003833	9
50007141	9
50006983	9
50002078	9
50015994	9
2033	9
203302	9
203304	9
203301	9
50015995	9
50016013	9
50016015	9
50016014	9
50016011	9
50015996	9
50016021	9
50016020	9
50016019	9
50016018	9
50016016	9
50019290	9
50024058	9
50015988	9
50015990	9
50015989	9
50016030	9
50016022	9
50016038	9
50016023	9
50016035	9
50016024	9
50016034	9
50016042	9
50016028	9
50016033	9
50016040	9
50016031	9
50016036	9
50016025	9
50016041	9
50016029	9
50016037	9
50016027	9
50016032	9
50016039	9
50016026	9
50016058	9
203509	9
50002490	9
50003619	9
50005886	9
50006931	9
50006932	9
50006940	9
50011974	9
50006919	9
50006929	9
50003618	9
50006918	9
50012951	9
50006939	9
50006933	9
50006934	9
50006935	9
50006936	9
50026090	9
50003027	9
50005880	9
50005872	9
50005874	9
50005888	9
50005895	9
50005877	9
50005879	9
50005882	9
50006581	9
50005873	9
50005875	9
50005876	9
50005881	9
50005878	9
50005935	9
50005868	9
50005870	9
50005869	9
201808	9
50006991	9
50008406	9
50016101	9
50008072	9
50007137	9
50016109	9
50019218	9
50018842	9
50019215	9
50019216	9
50003682	9
50012845	9
50015127	9
50015128	9
50014232	9
50015132	9
50015129	9
50015130	9
50023683	9
50023714	9
50023682	9
50013178	9
50023680	9
50023685	9
50023684	9
50023681	9
50023715	9
50023679	9
50023689	9
50023693	9
50023691	9
50023692	9
50023694	9
50015986	9
50015987	9
50015991	9
50016047	9
50016043	9
50019003	9
50008737	9
50002506	9
50007149	9
50008793	9
50008820	9
50008799	9
50008789	9
50015993	9
50016050	9
50016057	9
50016053	9
50016051	9
50016055	9
50016049	9
50016054	9
50016052	9
50016087	9
50016056	9
50019037	9
50019047	9
50019049	9
50023502	9
50008829	9
50013179	9
50013181	9
50016084	9
50023640	9
50023497	9
50016225	9
50023513	9
50023514	9
50023518	9
50023512	9
50023517	9
50024132	9
50024603	9
50024131	9
50023800	9
50023799	9
50023643	9
50023515	9
50008845	9
50023563	9
50023788	9
50023516	9
50023570	9
50023567	9
50023566	9
50023569	9
50023568	9
50024128	9
251612	9
50005847	9
50005848	9
50005849	9
50005850	9
50005851	9
50005852	9
50005853	9
50005854	9
50005855	9
50005856	9
50008159	9
50016059	9
50008792	9
50016062	9
50016066	9
50016083	9
50018705	9
50024152	9
50024150	9
50024151	9
50024133	9
50024129	9
50024136	9
50024135	9
50024130	9
50024166	9
50023504	9
251707	9
50013059	9
50023673	9
50013060	9
50013173	9
50024217	9
50023791	9
50023792	9
50023647	9
50013055	9
50013058	9
50008778	9
50013821	9
50017904	9
50023649	9
50023652	9
50023648	9
50023651	9
50023701	9
50023702	9
50023704	9
50023705	9
50023703	9
50023790	9
50023505	9
50006805	9
50013172	9
50023653	9
50023678	9
50023674	9
50023498	9
253904	9
50006948	9
50006804	9
50013859	9
50013862	9
50013860	9
50013858	9
50023509	9
50009920	9
50008757	9
50023776	9
50023661	9
50023656	9
50023657	9
50023659	9
50024613	9
50023798	9
50023658	9
50023662	9
50023599	9
50023580	9
50023507	9
50023585	9
50023586	9
50023587	9
50023588	9
50023499	9
50014229	9
50023603	9
50023602	9
50023601	9
50024060	9
50024062	9
50024065	9
50024061	9
50024068	9
50024069	9
50024072	9
50024070	9
50024067	9
50024066	9
50024064	9
50024063	9
50024050	9
50015992	9
50023644	9
250804	9
50013980	9
50023635	9
50015133	9
50023636	9
50023637	9
50023638	9
50023639	9
50023781	9
50024059	9
50023802	9
252801	9
50008745	9
2528	9
251407	9
252802	9
252803	9
252805	9
50007089	9
50007104	9
252804	9
50008859	9
50013053	9
50013056	9
50007181	9
50013170	9
50013175	9
50013177	9
251403	9
50008831	9
50010389	9
50008833	9
50008832	9
50016290	9
50017588	9
50013180	9
2539	9
253905	9
253902	9
251704	9
50006801	9
50008858	9
251406	9
50008749	9
50006803	9
50006806	9
50006807	9
50008849	9
253901	9
50024048	9
50023440	9
50013157	9
50013158	9
50008827	9
50013174	9
50023779	9
50023650	9
50023436	9
50006802	9
50013160	9
50023439	9
50023444	9
50013159	9
50013169	9
50013176	9
50023446	9
50023496	9
50024609	9
50023508	9
251201	9
251202	9
50008688	9
50008689	9
50013822	9
50016045	9
50016044	9
50023670	9
50023669	9
50024611	9
50023672	9
50023668	9
50024543	9
50011743	2
50011744	2
50011745	2
50011746	2
50012906	2
50012907	2
50012908	2
162103	1
162104	1
162116	1
50000852	1
50000671	1
50000697	1
1623	1
1624	1
162401	1
162402	1
162403	1
162404	1
50008903	1
50011411	1
50011413	1
50011412	1
1629	1
50013194	1
50013196	1
50008899	1
50008906	1
162703	1
1636	1
50003509	1
50003510	1
50003511	1
50008900	1
50008904	1
50010850	1
50008905	1
50008898	1
50011277	1
162105	1
162205	1
1622	1
162201	1
162202	1
162203	1
162207	1
50007068	1
50022566	1
50008897	1
50008901	1
50011404	1
50005065	1
162701	1
162702	1
50012027	2
50012028	2
50012032	2
50012033	2
50012042	2
50012047	2
50012825	2
50012013	5
50012014	5
50012015	5
50012016	5
50012018	5
50012010	5
50012019	5
50012766	1
50012776	1
50012772	1
50008883	1
50008881	1
50008882	1
50010394	1
50008885	1
50008888	1
50008890	1
50006846	1
50012771	1
50012773	1
50012775	1
50012774	1
50012777	1
50012778	1
50012784	1
50012785	1
50012786	1
50012787	1
50008889	1
50012781	1
50008886	1
50008884	1
302902	3
50001254	3
302903	3
50001248	3
164206	3
50003811	3
50003812	3
50009042	3
50003814	3
50009041	3
50009043	3
302909	3
50009035	3
50009019	3
50009032	3
50010406	3
50009036	3
50009045	3
50009049	3
50011036	3
50011037	3
50011039	3
50011040	3
50011038	3
50011043	3
50009048	3
50009046	3
50009052	3
50011041	3
50011042	3
50009050	3
50009051	3
50009578	3
50009579	3
50009580	3
50009581	3
50009047	3
50011729	3
50010410	3
50009034	3
50009037	3
302910	3
50007003	3
50009033	3
50009040	3
50009039	3
50011663	3
50011398	3
50011399	3
50011401	3
50011402	3
50013963	3
50013957	3
50013964	3
50011400	3
2908	3
2909	3
50003601	3
50001264	3
290901	3
290902	3
290904	3
290905	3
50003022	3
50003699	3
50003678	3
50009239	3
50009240	3
50009241	3
50009244	3
50009242	3
50009243	3
50009245	3
50003847	3
50007078	3
290601	3
290602	3
50000467	3
50005206	3
50005205	3
50000507	3
50002149	3
50005208	3
50005209	3
50005207	3
50000504	3
50000505	3
50000506	3
50000508	3
50005212	3
50005213	3
50005214	3
50005211	3
50000509	3
50005215	3
50005216	3
50005210	3
50005923	3
50009246	3
290805	3
50009248	3
50009249	3
50009247	3
50007183	3
50023572	3
50011886	3
50011892	3
50011895	3
50011893	3
50011898	3
50011899	3
50011900	3
50011902	3
50011915	3
50011903	3
50011901	3
50018834	3
50025614	3
50011888	3
50011889	3
50011890	3
50011891	3
50011897	3
50011940	3
50018896	3
50011896	3
50012709	3
50007281	3
50011894	3
50010368	3
50014091	3
217309	10
217311	10
50003750	10
50003274	10
50003280	10
50003239	10
50003240	10
50003241	10
50003243	10
50003245	10
50003242	10
50015684	10
50015685	10
50001739	10
50006121	10
50006122	10
280909	10
50003276	10
50003246	10
50003249	10
50003250	10
50015682	10
50018299	10
50023338	10
50023336	10
50023337	10
217302	10
217308	10
50003931	10
50002614	10
50008622	10
50003936	10
50008625	10
50008649	10
50009057	10
50008651	10
50006790	10
50008624	10
50008623	10
50023364	10
50008604	10
50003922	10
217305	10
50008650	10
50009055	10
50023352	10
50016383	10
50015288	10
217312	10
217313	10
50003404	10
50003923	10
50003251	10
50003253	10
50008467	10
50015701	10
50015699	10
50015700	10
50015703	10
50023140	10
50023141	10
50023158	10
50023153	10
50023157	10
50023142	10
50023143	10
50023146	10
50023147	10
50023149	10
50023150	10
50023151	10
50023154	10
50023155	10
50023156	10
50023144	10
50023145	10
50023148	10
50023152	10
50015293	10
50015712	10
50015714	10
50015716	10
50015719	10
50015717	10
50015711	10
50015718	10
50015713	10
50015710	10
50015715	10
50023263	10
50023264	10
50015295	10
50015727	10
50015728	10
50015730	10
50015729	10
50015731	10
50023353	10
50023355	10
50023356	10
50023354	10
50015285	10
50015322	10
50015336	10
50016385	10
50015342	10
50015341	10
50015328	10
50015326	10
50015334	10
50015331	10
50015335	10
50015338	10
50015327	10
50015332	10
50015323	10
50015333	10
50015330	10
50015325	10
50015324	10
50023173	10
50023174	10
50023175	10
50023176	10
50015289	10
50015292	10
50015704	10
50015707	10
50015706	10
50023331	10
50023334	10
50023332	10
50023333	10
50015380	10
50015262	10
50015294	10
50015722	10
50015723	10
50016048	10
50015720	10
50015721	10
50015724	10
50015725	10
50023206	10
50023208	10
50023209	10
50023210	10
50023211	10
50023212	10
50023207	10
50023213	10
50023214	10
50023215	10
50023223	10
50023228	10
50023224	10
50023226	10
50023230	10
50023216	10
50023238	10
50023221	10
50023258	10
50023231	10
50023259	10
50023236	10
50023235	10
50023217	10
50023222	10
50023219	10
50023220	10
50023218	10
50023237	10
50023066	10
50023067	10
50023028	10
50023357	10
50023358	10
50012043	2
50012064	2
50012048	2
50012031	2
50012036	2
50012037	2
50012038	2
50012040	2
50012044	2
50012049	2
50012063	2
50012039	2
50023339	2
50026312	2
50023340	2
50012041	2
50013870	3
50013880	3
50013882	3
50013878	3
50013865	3
50013874	3
50013869	3
50013879	3
50013877	3
50013875	3
50014227	3
50014240	3
50014239	3
50014238	3
50024815	3
50013881	3
50013876	3
50013872	3
50013868	3
50013873	3
50013871	3
50005700    3